=== Read Length Distribution ===
28	4940554
29	4246209
30	4836055
31	5388554
32	5581208

=== Nucleotide Frequencies ===
Position	A	C	G	T
0	0.271	0.268	0.229	0.232
1	0.235	0.248	0.275	0.242
2	0.259	0.241	0.234	0.265
3	0.257	0.252	0.242	0.249
4	0.212	0.282	0.254	0.253
5	0.271	0.282	0.247	0.200
6	0.268	0.242	0.259	0.231
7	0.249	0.245	0.267	0.239
8	0.236	0.258	0.242	0.265
9	0.256	0.254	0.250	0.240
10	0.243	0.244	0.226	0.287
11	0.239	0.253	0.219	0.289
12	0.240	0.268	0.259	0.234
13	0.236	0.253	0.260	0.251
14	0.241	0.263	0.254	0.241
15	0.287	0.229	0.222	0.263
16	0.262	0.221	0.260	0.257
17	0.240	0.262	0.261	0.238
18	0.248	0.247	0.250	0.255
19	0.254	0.231	0.266	0.249
20	0.232	0.258	0.256	0.254
21	0.239	0.252	0.230	0.278
22	0.259	0.246	0.236	0.260
23	0.242	0.269	0.257	0.231
24	0.247	0.259	0.252	0.242
25	0.267	0.267	0.240	0.226
26	0.255	0.256	0.226	0.264
27	0.261	0.292	0.233	0.214
28	0.183	0.211	0.201	0.207
29	0.147	0.153	0.143	0.190
30	0.114	0.129	0.092	0.104
31	0.056	0.057	0.052	0.059

=== GC Content ===
Overall GC%: 50.12
