=== Read Length Distribution ===
8	1
16	2
20	1

=== Nucleotide Frequencies ===
Position	A	C	G	T
0	1.000	0.000	0.000	0.000
1	0.000	0.000	0.000	1.000
2	0.000	1.000	0.000	0.000
3	0.000	0.000	1.000	0.000
4	1.000	0.000	0.000	0.000
5	0.000	0.000	0.000	1.000
6	0.000	1.000	0.000	0.000
7	0.000	0.000	1.000	0.000
8	0.750	0.000	0.000	0.000
9	0.000	0.000	0.250	0.500
10	0.250	0.500	0.000	0.000
11	0.000	0.000	0.500	0.250
12	0.500	0.250	0.000	0.000
13	0.000	0.000	0.250	0.500
14	0.000	0.500	0.250	0.000
15	0.250	0.000	0.500	0.000
16	0.250	0.000	0.000	0.000
17	0.000	0.000	0.250	0.000
18	0.250	0.000	0.000	0.000
19	0.000	0.000	0.250	0.000

=== Quality Scores ===
Position	Mean	Std
0	37.00	0.00
1	37.00	0.00
2	28.25	15.16
3	28.25	15.16
4	37.00	0.00
5	37.00	0.00
6	37.00	0.00
7	37.00	0.00
8	37.00	0.00
9	37.00	0.00
10	37.00	0.00
11	37.00	0.00
12	37.00	0.00
13	37.00	0.00
14	25.33	16.50
15	23.67	15.46
16	37.00	0.00
17	2.00	0.00
18	2.00	0.00
19	2.00	0.00

=== GC Content ===
Overall GC%: 50.00
